GenderCode,(All),,,,
,,,,,
Count of FirstName,Column Labels,,,,
Row Labels,LOW,MEDIUM,VERY HIGH,(blank),Grand Total
BPC,34,85,15,153,287
CCDR,47,65,15,155,282
EW,41,78,14,148,281
MSC,39,92,9,139,279
NEL,41,77,15,150,283
PL,33,69,12,158,272
PYZ,41,75,15,142,273
SVG,43,82,16,137,278
TNS,45,71,13,147,276
WBL,34,84,13,138,269
Grand Total,398,778,137,1467,2780
